species	tissue	mean_m6A_yuan	median_m6A_yuan	mean_m6A_yi	median_m6A_yi	lifeapan_class
1	1	8.574383585	0.8076915	18.86450436	0.921615	long
1	2	14.42866485	2.08934	18.95019827	2.22183	long
1	3	10.44267995	2.17766	18.88173301	2.5736	long
2	1	6.287506066	0	8.721420352	0.0316257	short
2	2	9.468526805	0.09013	10.09853339	0.09546	short
2	3	7.619504418	0.159062	13.35655887	0.267764	short
3	1	7.29372658	1.18383	16.58327187	1.185055	short
3	2	13.99063599	2.412645	21.36644854	2.36889	short
3	3	11.75013975	3.051215	19.41914546	3.47112	short
4	1	13.25484501	0.8945075	22.09674794	0.913823	short
4	2	35.40120783	3.149095	20.90575729	3.37608	short
4	3	27.0403182	3.77344	29.37193621	4.49584	short
5	1	14.39790504	1.40998	24.82726865	1.684	short
5	2	25.66832061	2.847215	49.09451591	3.24962	short
5	3	16.85660248	1.945375	29.23156803	2.54513	short
6	1	8.677398458	1.0699	20.3380824	1.14624	short
6	2	14.16455953	1.62294	39.07976292	2.093895	short
6	3	14.59709636	2.77192	19.95125139	3.646165	short
7	1	24.56724348	8.87925	44.75000014	7.20206	long
7	2	46.33342506	19.69835	64.34282884	17.1578	long
7	3	38.26778243	16.8484	70.47476435	17.5779	long
8	1	16.42917302	0.891542	29.85218116	1.06686	short
8	2	19.50611226	1.90102	20.40049852	2.76462	short
8	3	14.5949921	2.11815	26.3652859	3.21324	short
9	1	11.27802921	0.996725	26.98683607	1.28436	long
9	2	10.42455293	1.31211	25.73314798	1.64433	long
9	3	9.804270972	1.957665	26.63077518	2.7382	long
10	1	7.071683352	0.8476845	28.6302482	1.03782	long
10	2	13.18816704	2.08534	28.81447532	2.28062	long
10	3	8.960576927	1.87761	28.73345085	2.15416	long
11	1	29.99795148	9.17801	26.20665582	6.74104	short
11	2	57.02269841	20.1382	27.40674936	14.7192	short
11	3	49.58556196	19.3999	25.4235528	18.9862	short
12	1	14.58789497	2.21934	25.69705819	2.40469	short
12	2	31.00396617	5.495345	27.4849814	6.32773	short
12	3	28.35186922	9.346465	26.35269658	10.9794	short
13	1	17.21659826	2.05155	17.58545292	1.92034	short
13	2	29.64567114	4.602735	30.71749629	4.82761	short
13	3	28.32959652	8.16547	33.91204891	7.85865	short
14	1	31.41957098	8.28765	31.18443443	6.477325	short
14	2	78.69164084	22.50145	33.44247481	19.46205	short
14	3	56.94762238	18.74285	38.4095556	18.4103	short
15	1	8.774449728	1.3377	16.67412709	1.19854	long
15	2	14.67275968	3.05674	32.0076218	2.67297	long
15	3	12.92916048	3.74261	18.57314887	4.06684	long
16	1	13.15382667	3.80296	25.74092574	2.34862	short
16	2	14.99339167	3.89882	23.62260289	6.01487	short
16	3	9.937825	5.444355	23.647338	39.654	short
17	1	27.18651695	7.00518	31.30963167	6.73275	short
17	2	55.79317229	20.5253	39.16171763	15.5379	short
17	3	49.69398772	16.4517	37.45230082	17.6892	short
18	1	32.96452876	2.18646	32.76416411	2.463855	short
18	2	34.96906206	7.19732	33.30316323	9.63334	short
18	3	24.09149991	8.47662	36.15929287	11.22995	short
19	1	13.67155878	2.45834	36.76522386	2.82479	long
19	2	28.06703995	7.284905	34.08473003	8.10191	long
19	3	25.69869969	7.863865	47.60227996	9.79078	long
20	1	21.77424581	3.47575	36.65918539	3.47574	short
20	2	29.95146581	8.309935	36.99263884	9.50497	short
20	3	24.5020094	7.244515	41.562659	8.89025	short
21	1	19.27476314	1.70049	21.32037587	2.218805	long
21	2	36.13379545	4.63818	49.98988991	5.844065	long
21	3	21.52103866	2.91789	29.01253952	4.48325	long
